1.000000000000000000e+00 5.697999999999999940e-03 2.673140000000000072e+01 1.694590000000000032e+02 5.361559999999999491e+02 2.120920000000000130e+02 9.686114749144946856e+00 2.953950000000000031e+01 1.195255464726896200e-01 1.872031553507759183e-01 8.455228670809010083e+00 8.661376489537921941e+00 4.231573244995928684e-02 1.340319247277965142e-01 3.394796889098370407e+00 5.316475891678932975e+00
6.386500000000000000e+04 1.133720000000000061e+00 2.318479999999999919e+01 1.295300000000000011e+02 4.592730000000000246e+02 1.949730000000000132e+02 8.725777752083509142e+00 2.686459999999999937e+01 3.209690607011692065e-01 3.072495153825576808e-01 2.430989827756526722e+01 2.011136851061790765e+01 1.071677753831514063e-01 1.509675866025237956e-01 3.820514729305181767e+00 8.371245322086771523e+00
3.074860000000000000e+05 8.111110000000000042e+00 2.039099999999999824e+01 1.916870000000000118e+02 4.723509999999999991e+02 2.107760000000000105e+02 8.265902907832266777e+00 3.791989999999999839e+01 1.765055819656066172e-01 2.896976032480497176e-01 9.345190762235089821e+00 1.586199514922587639e+01 3.629196166985819427e-02 7.858661881467797483e-02 3.900638990661911887e+00 7.036162643781858073e+00
6.386600000000000000e+04 2.976840000000000042e-01 1.743489999999999895e+01 7.701919999999999789e+01 4.131659999999999968e+02 1.750200000000000102e+02 6.840955554450351528e+00 2.042579999999999885e+01 1.075739711209503097e-01 1.790220269074080661e-01 8.861677089879536950e+00 1.185114958197293689e+01 3.748865065322911500e-02 6.430672901577336176e-02 2.499353913141195704e+00 5.816142277657427861e+00
2.427900000000000000e+05 6.531469999999999665e+00 1.637930000000000064e+01 1.491759999999999877e+02 3.952599999999999909e+02 1.855140000000000100e+02 8.609040398915338343e+00 3.404789999999999850e+01 9.504553364843280894e-02 3.187594290085284943e-01 7.355342674580134243e+00 1.953685199448960574e+01 4.657874846534060254e-02 8.800702978215192707e-02 3.350590210555039583e+00 4.638661062192613649e+00
1.438850000000000000e+05 2.114390000000000214e+00 1.501759999999999984e+01 6.553360000000000696e+01 4.352090000000000032e+02 1.952500000000000000e+02 5.091160417700475449e+00 1.450249999999999950e+01 1.591529011989690767e-01 3.911606693399810597e-01 1.728895045674986974e+01 2.507995264167169935e+01 5.927689498019634434e-02 1.122153592734852212e-01 4.995224950253675189e+00 8.408823883818785205e+00
1.438830000000000000e+05 1.635469999999999979e+00 1.460410000000000075e+01 1.325149999999999864e+02 4.207069999999999936e+02 1.843760000000000048e+02 3.209137836422475853e+00 3.750370000000000203e+01 7.151313796735142558e-02 9.324334956412494435e-02 6.649453072772494977e+00 1.496332438052359137e+01 2.435495410878229725e-02 3.583692271212642749e-02 2.575024736041630291e+00 3.437590591104264792e+00
4.100370000000000000e+05 1.257259999999999955e+01 1.441639999999999944e+01 3.160760000000000218e+02 3.857959999999999923e+02 1.638180000000000121e+02 6.344114485585815366e+00 8.790529999999999688e+01 1.220486115309502989e-01 2.240866707919037804e-01 6.445511643601183671e+00 1.234972526796484082e+01 5.960072220786771791e-02 3.780574458703574170e-02 3.491620354225910106e+00 4.571209991170398723e+00
1.172520000000000000e+05 2.199699999999999989e-01 1.307850000000000001e+01 1.006410000000000053e+02 3.305910000000000082e+02 1.500670000000000073e+02 5.082498224415363808e+00 3.528249999999999886e+01 7.254117270162473152e-02 1.182202212002419345e-01 6.276548800799479189e+00 9.705799218068113632e+00 1.629503755231598641e-02 2.787546246063374658e-02 2.495196603666493651e+00 3.539949563029225477e+00
2.000000000000000000e+00 2.273749999999999938e-01 1.302539999999999942e+01 1.570600000000000023e+02 3.547040000000000077e+02 1.541119999999999948e+02 5.400635564556401924e+00 5.869919999999999760e+01 1.452801377521778237e-01 1.913692423202590087e-01 1.364905562196353905e+01 1.682016840315672468e+01 3.224290087425457640e-02 4.642754607085144980e-02 6.321473651047667452e+00 7.361247987144302840e+00
3.966280000000000000e+05 1.455540000000000056e+01 1.293609999999999971e+01 2.916059999999999945e+02 3.911820000000000164e+02 1.554139999999999873e+02 6.546544598832664263e+00 1.012500000000000000e+02 2.034263635604212639e-01 1.947825750690685698e-01 8.907386659921611383e+00 7.411105632533709908e+00 6.332947414702390365e-02 1.245479669308081488e-01 3.636757847400341248e+00 3.294893133878893376e+00
4.332890000000000000e+05 1.136120000000000019e+01 1.280819999999999936e+01 2.114039999999999964e+02 3.245550000000000068e+02 1.431160000000000139e+02 1.269169943196980554e+01 7.634810000000000230e+01 1.684581034055628035e-01 3.831784341001075456e-01 8.859398102631265814e+00 8.152818821076657230e+00 4.109666239900938017e-02 2.363776203626815064e-01 3.893517281308143563e+00 4.198135258833624484e+00
3.885440000000000000e+05 1.798389999999999844e+01 1.248409999999999975e+01 3.187850000000000250e+02 2.822180000000000177e+02 1.465680000000000121e+02 7.094500954930100356e+00 1.278059999999999974e+02 1.876597129398565877e-01 2.974885038159447159e-01 9.895650094339851321e+00 1.504890163267820213e+01 3.495986508492681527e-02 5.503303534492332005e-02 2.325902510708466320e+00 2.779950078963254967e+00
1.673940000000000000e+05 6.674349999999999561e+00 1.245560000000000045e+01 1.512889999999999873e+02 3.505860000000000127e+02 1.543420000000000130e+02 6.202186767539750178e+00 5.544729999999999848e+01 2.773550697601602222e-01 1.986234010058096355e-01 2.712675490078128959e+01 4.136226941663712608e+01 5.964742342045740997e-02 3.252879708261521147e-02 1.202022124238750322e+01 8.581831895283963618e+00
3.241240000000000000e+05 3.577949999999999964e+00 1.200089999999999968e+01 6.697490000000000521e+01 2.876379999999999768e+02 1.572009999999999934e+02 6.504665185331675481e+00 2.124800000000000111e+01 9.248835611233736931e-02 2.131674941083199215e-01 9.893645305820497171e+00 2.558502711178305233e+01 2.356389859923598701e-02 6.252812462182397168e-02 4.890598196237184503e+00 6.605485205245809510e+00
4.009730000000000000e+05 1.261389999999999922e+01 1.139520000000000088e+01 2.833629999999999995e+02 3.978140000000000214e+02 1.521620000000000061e+02 5.481481528985973739e+00 9.423749999999999716e+01 2.479427204967596388e-01 3.996761266380791655e-01 3.436100386337839296e+01 2.168061321154608123e+01 1.092899390993110620e-01 5.310211894585373932e-02 9.861317210448921955e+00 1.132548809454026362e+01
4.114490000000000000e+05 1.382000000000000028e+01 1.124980000000000047e+01 2.816539999999999964e+02 3.709839999999999804e+02 1.505020000000000095e+02 3.992000711146783676e+00 1.143649999999999949e+02 1.064151397447870573e-01 5.155301369779066167e-01 9.332520804962813443e+00 3.514404920328745163e+01 3.395951482582442588e-02 4.526882794282177658e-01 1.688394323615868942e+00 3.188584957504727058e+01
1.849320000000000000e+05 6.992479999999999807e-01 1.080499999999999972e+01 7.628929999999999723e+01 3.143919999999999959e+02 1.462820000000000107e+02 6.827529535516391412e+00 2.563240000000000052e+01 1.165480585768457616e-01 1.654510289470968176e-01 7.533563455124506980e+00 7.636134126472203576e+00 3.142776573220653485e-02 4.410508804614462347e-02 2.003563850823629533e+00 2.436602452955133558e+00
4.617850000000000000e+05 4.445249999999999702e+00 1.060089999999999932e+01 1.967620000000000005e+02 2.702500000000000000e+02 1.389929999999999950e+02 5.783681245847459351e+00 8.105029999999999291e+01 1.626378243424907721e-01 2.162661095622374907e-01 8.844750641883065256e+00 1.313473519714045068e+01 2.246493801839971605e-02 3.002832188253081597e-02 3.230885551304068404e+00 8.169643732621821641e+00
4.321060000000000000e+05 1.294359999999999999e+01 1.042239999999999966e+01 1.864699999999999989e+02 3.360299999999999727e+02 1.310809999999999889e+02 7.713804559090781332e+00 8.844249999999999545e+01 1.670351126887512083e-01 2.990735216888574799e-01 1.852527479109218689e+01 2.727265184070357051e+01 6.870941759408505378e-02 1.218609951680390130e-01 6.310700156641169123e+00 4.573534984808900639e+00
4.149170000000000000e+05 7.154939999999999856e+00 1.034259999999999913e+01 2.082390000000000043e+02 3.250529999999999973e+02 1.454509999999999934e+02 5.652966736535240067e+00 8.224030000000000484e+01 1.818997121128634320e-01 2.052262901532712902e-01 1.047347301931057295e+01 9.406099629602650225e+00 5.529272888834731170e-02 8.487558680518660081e-02 3.947186008916909739e+00 2.006464632458526687e+00
1.438860000000000000e+05 1.799120000000000053e+00 1.021000000000000085e+01 3.131250000000000000e+01 3.214230000000000018e+02 1.818410000000000082e+02 4.939047685465761006e+00 7.939899999999999736e+00 2.095592900822702553e-01 3.385448802089954246e-01 2.944306965436756940e+01 1.292808532065675919e+01 9.095872509425946550e-02 2.333544151469703065e-01 8.361958675451219847e+00 1.024659605983028676e+01
4.488300000000000000e+05 8.862000000000000099e+00 9.841139999999999333e+00 2.147479999999999905e+02 3.161390000000000100e+02 1.404190000000000111e+02 6.267624476936427769e+00 8.218710000000000093e+01 1.163176946840158155e-01 8.938308875478397086e-02 6.424075150855889760e+00 9.681824127914444134e+00 3.787049459019054681e-02 2.202110137928990977e-02 1.710971440154881451e+00 2.776815802932951271e+00
4.479140000000000000e+05 2.294610000000000039e+00 9.837630000000000763e+00 2.412630000000000052e+02 4.374660000000000082e+02 1.589199999999999875e+02 3.008221850872378589e+00 7.900090000000000146e+01 2.106441538603949226e-01 1.343583361265298093e-01 1.039237787450285744e+01 1.972041291197721335e+01 7.441184169094430811e-02 8.001380213278415365e-02 3.205650692687533887e+00 4.361129527857375621e+00
4.272110000000000000e+05 1.710920000000000130e+01 9.828300000000000480e+00 2.099139999999999873e+02 3.333469999999999800e+02 1.412760000000000105e+02 8.122440327988947217e+00 8.331040000000000134e+01 3.012093912133351759e-01 4.979877637984417293e-01 2.932697612352874472e+01 4.315829715818215107e+01 1.098617339860524789e-01 1.610890870686829679e-01 7.314067500446409298e+00 8.173013543601639341e+00
4.369320000000000000e+05 1.158319999999999972e+01 9.762829999999999231e+00 1.855109999999999957e+02 2.655360000000000014e+02 1.396690000000000111e+02 1.062794029885802338e+01 6.813049999999999784e+01 3.647404458025956253e-01 4.834241724572547749e-01 1.559617219610302818e+01 1.799933977769201476e+01 1.185733863823092010e-01 3.005938531405037417e-01 4.900123841391843982e+00 4.087391104210219339e+00
4.685900000000000000e+05 5.094999999999999751e+00 9.474470000000000169e+00 1.758750000000000000e+02 3.160400000000000205e+02 1.377009999999999934e+02 5.404392407493000761e+00 7.397539999999999338e+01 1.205106517733955107e-01 1.142765207245910047e-01 5.964043968728656608e+00 9.735833324174226533e+00 3.174472595457991653e-02 4.645264265887824595e-02 2.387368628691175498e+00 2.218085814030108072e+00
1.673950000000000000e+05 2.926660000000000039e+00 9.393539999999999779e+00 6.596309999999999718e+01 3.629209999999999923e+02 1.528509999999999991e+02 7.159696207257581158e+00 2.385079999999999956e+01 2.456670851958480950e-01 4.175073808277440790e-01 2.477487173831032408e+01 2.664929917071389909e+01 6.385030668492143457e-02 5.653214692782897871e-02 8.432638392745731792e+00 7.572566840937497545e+00
3.839750000000000000e+05 1.759870000000000090e+01 9.205180000000000362e+00 3.066429999999999723e+02 3.229580000000000268e+02 1.722230000000000132e+02 9.039449214623488160e+00 1.131779999999999973e+02 1.320370701036888361e+00 1.416634832847860848e+00 4.117349117599203367e+01 7.286709301305089426e+00 7.606120574816612745e-01 1.391625401362038383e+00 2.280978242197256733e+01 6.963758727242502111e+00
4.025550000000000000e+05 7.283610000000000362e+00 9.193720000000000780e+00 2.012849999999999966e+02 3.147210000000000036e+02 1.388810000000000002e+02 5.202062617590815563e+00 8.531520000000000437e+01 2.523498760075471581e-01 3.301959616588747704e-01 8.227199095958827257e+00 1.833027235371702446e+01 1.361031291779201680e-01 1.738094496098943897e-01 3.690216977412453581e+00 3.478139157160732964e+00
3.862690000000000000e+05 1.026730000000000054e+01 9.085589999999999833e+00 1.844710000000000036e+02 2.711480000000000246e+02 1.409470000000000027e+02 1.027668112976998316e+01 8.467839999999999634e+01 2.721919043791845572e-01 4.297700080899074515e-01 3.203479452293503016e+01 4.530457157547029112e+01 6.380969222569413124e-02 2.219237960177927738e-01 6.161609075881949060e+00 7.514966870918206254e+00
1.172530000000000000e+05 1.231999999999999935e-02 9.032140000000000057e+00 7.592619999999999436e+01 3.591639999999999873e+02 1.464230000000000018e+02 3.078503819600270752e+00 2.825540000000000163e+01 1.280038860890952979e-01 1.302178521445635506e-01 6.120856955889328432e+00 8.222785146116510901e+00 4.021746688354758265e-02 3.161333702264838841e-02 2.733139965532151106e+00 1.729667433342650940e+00
4.756190000000000000e+05 5.524559999999999471e-01 9.029049999999999798e+00 1.749869999999999948e+02 4.161270000000000095e+02 1.490329999999999870e+02 4.831184782493002317e+00 6.624259999999999593e+01 1.163730149168162864e-01 1.156363108294133774e-01 7.089816749867201118e+00 3.284932226742063754e+00 4.419621101555615272e-02 9.910957617695348443e-02 1.734277349407958413e+00 2.694101116645049476e+00
3.009040000000000000e+05 6.148470000000000324e-01 8.982089999999999463e+00 2.800189999999999912e+01 2.885160000000000196e+02 1.669499999999999886e+02 5.201071031988591109e+00 7.966099999999999959e+00 1.194698502727999379e-01 1.925497876425235344e-01 8.070844291096495482e+00 1.914768586949822193e+01 3.050764958822066789e-02 7.788340462654595731e-02 3.491957760462295557e+00 7.209376858934098742e+00
4.133720000000000000e+05 1.035880000000000045e+01 8.969350000000000378e+00 2.739110000000000014e+02 2.747040000000000077e+02 1.441550000000000011e+02 1.044759155711972554e+01 1.220409999999999968e+02 3.735932639987183945e-01 4.896923727593410769e-01 4.352161714605717435e+01 6.699286907361711485e+01 1.438458490996132877e-01 3.046565586643862900e-01 1.879652103615359593e+01 5.143890575863421333e+01
4.390990000000000000e+05 1.105090000000000039e+01 8.951700000000000657e+00 2.259339999999999975e+02 2.984479999999999791e+02 1.450670000000000073e+02 6.171617884274705368e+00 8.594129999999999825e+01 1.402955992382785844e-01 3.210884212330132326e-01 9.523655973050328072e+00 1.638264525715305098e+01 4.765667944251616300e-02 7.991476920176589227e-02 3.293794047130595981e+00 4.308343711454266867e+00
4.520310000000000000e+05 6.487989999999999924e+00 8.909150000000000347e+00 2.188280000000000030e+02 3.188489999999999895e+02 1.413890000000000100e+02 6.213827481432077526e+00 8.610039999999999338e+01 1.147269603159572077e-01 1.996747350283284705e-01 9.609403915384449490e+00 1.745620887282003508e+01 5.596313434244324508e-02 7.389735678374689809e-02 2.965809406428904893e+00 3.142953132232766844e+00
2.648850000000000000e+05 1.395799999999999992e-02 8.852600000000000691e+00 3.118019999999999925e+01 4.354970000000000141e+02 2.003870000000000005e+02 5.501933177443472545e+00 6.922799999999999621e+00 3.473259907599984819e-01 2.598325937819598308e-01 1.884819800492591213e+01 9.040682942765954522e+00 1.186428297047725788e-01 3.143715465383538632e-01 7.398353472275675635e+00 1.062447571537523849e+01
4.294710000000000000e+05 3.790849999999999831e+00 8.682510000000000616e+00 2.119799999999999898e+02 3.219580000000000268e+02 1.452489999999999952e+02 3.455365325776958763e+00 8.352830000000000155e+01 1.404708523234657891e-01 1.361855825089553496e-01 4.335550434686489929e+00 7.268447683395040215e+00 3.093152655779538018e-02 9.020404442084302421e-02 1.715028474329841623e+00 3.654562388003470996e+00
4.584700000000000000e+05 9.769410000000000593e+00 8.630250000000000199e+00 1.636870000000000118e+02 2.985299999999999727e+02 1.341229999999999905e+02 6.850895965241679875e+00 7.052800000000000580e+01 2.762264052210564591e-01 3.192655330364033150e-01 9.521608555198746160e+00 7.120077357566774623e+00 1.134820772903418068e-01 2.076270365073876745e-01 3.652838452094306465e+00 3.850677150098905877e+00
3.946220000000000000e+05 1.656120000000000037e+00 5.036850000000000271e+00 2.752130000000000010e+01 2.662429999999999950e+02 1.275849999999999937e+02 6.135755153013596974e+00 1.384120000000000061e+01 5.841777805814093449e-01 4.173238207848232184e-01 2.989280373022758752e+01 1.682356424076786539e+01 1.344304228560387615e-01 3.099115749053698576e-01 1.102470947457081962e+01 8.704867472286501595e+00
3.711270000000000000e+05 2.059210000000000207e+00 5.597830000000000084e+00 4.911440000000000339e+01 2.474749999999999943e+02 1.290430000000000064e+02 9.134500555677162126e+00 2.292389999999999972e+01 4.386245353238136246e-01 5.174948989091264773e-01 2.491587559315183142e+01 2.335586172937508209e+01 1.274095006180548939e-01 4.738500753803290277e-01 5.249958707970768579e+00 1.163361496549733154e+01
4.792900000000000000e+05 1.028120000000000012e+01 6.184610000000000163e+00 1.361829999999999927e+02 2.406699999999999875e+02 1.268449999999999989e+02 6.605623574850085333e+00 6.729139999999999588e+01 3.261618921345563749e-01 4.638022882230435351e-01 1.745155908660240129e+01 1.695559712047665002e+01 1.414330102494759933e-01 3.010543102620452660e-01 6.346100022007542307e+00 8.683693581367741388e+00
4.520310000000000000e+05 6.487989999999999924e+00 8.909150000000000347e+00 2.188280000000000030e+02 3.188489999999999895e+02 1.413890000000000100e+02 6.213827481432077526e+00 8.610039999999999338e+01 1.147269603159572077e-01 1.996747350283284705e-01 9.609403915384449490e+00 1.745620887282003508e+01 5.596313434244324508e-02 7.389735678374689809e-02 2.965809406428904893e+00 3.142953132232766844e+00
4.479140000000000000e+05 2.294610000000000039e+00 9.837630000000000763e+00 2.412630000000000052e+02 4.374660000000000082e+02 1.589199999999999875e+02 3.008221850872378589e+00 7.900090000000000146e+01 2.106441538603949226e-01 1.343583361265298093e-01 1.039237787450285744e+01 1.972041291197721335e+01 7.441184169094430811e-02 8.001380213278415365e-02 3.205650692687533887e+00 4.361129527857375621e+00
3.862690000000000000e+05 1.026730000000000054e+01 9.085589999999999833e+00 1.844710000000000036e+02 2.711480000000000246e+02 1.409470000000000027e+02 1.027668112976998316e+01 8.467839999999999634e+01 2.721919043791845572e-01 4.297700080899074515e-01 3.203479452293503016e+01 4.530457157547029112e+01 6.380969222569413124e-02 2.219237960177927738e-01 6.161609075881949060e+00 7.514966870918206254e+00
4.390990000000000000e+05 1.105090000000000039e+01 8.951700000000000657e+00 2.259339999999999975e+02 2.984479999999999791e+02 1.450670000000000073e+02 6.171617884274705368e+00 8.594129999999999825e+01 1.402955992382785844e-01 3.210884212330132326e-01 9.523655973050328072e+00 1.638264525715305098e+01 4.765667944251616300e-02 7.991476920176589227e-02 3.293794047130595981e+00 4.308343711454266867e+00
5.034370000000000000e+05 8.198539999999999495e+00 5.035669999999999646e+00 1.035330000000000013e+02 2.142940000000000111e+02 1.153340000000000032e+02 8.082539890271567273e+00 5.520380000000000109e+01 2.883510380434924913e-01 4.378710635477935931e-01 1.420337903002003976e+01 2.050225757620448164e+01 6.874916895142511863e-02 3.349014813366723575e-01 4.944615936531148392e+00 8.458986343777970873e+00
4.712480000000000000e+05 2.227069999999999883e+00 7.994510000000000005e+00 1.713549999999999898e+02 2.991270000000000095e+02 1.399269999999999925e+02 4.976137696907756869e+00 6.760320000000000107e+01 9.572041002472193860e-02 2.068458998180739139e-01 5.113467362830732554e+00 8.148458485281421915e+00 3.778601136589887499e-02 6.783976137056382805e-02 1.846523274559553673e+00 3.820834264905572208e+00
3.946210000000000000e+05 1.235190000000000055e+01 4.689820000000000100e+00 2.340320000000000107e+02 2.478000000000000114e+02 1.436359999999999957e+02 4.979331504690837740e+00 1.199489999999999981e+02 4.492520094488728355e-01 2.578408346490901892e-01 1.343382179049972436e+01 8.276013947332518939e+00 9.654219210872075352e-02 2.429169008725312051e-01 4.479513043179296439e+00 6.014841104722087550e+00
5.067200000000000000e+05 4.361959999999999837e+00 5.374200000000000088e+00 1.133050000000000068e+02 2.596770000000000209e+02 1.218100000000000023e+02 3.732655803618304180e+00 6.091049999999999898e+01 1.072191016911403505e-01 2.167252756907101785e-01 5.132785733216336688e+00 7.724392216433380476e+00 1.932374690392191577e-02 9.332079733194592608e-02 1.984454871371417850e+00 2.265427997976029229e+00
3.197310000000000000e+05 2.730049999999999866e+00 4.981399999999999828e+00 3.893110000000000070e+01 2.365039999999999907e+02 1.191159999999999997e+02 4.266067523472193201e+00 1.867739999999999867e+01 1.653253888316014997e-01 3.416454800434501893e-01 7.740610918563863407e+00 1.185567774964463972e+01 4.635902245295193957e-02 2.398898895303231971e-01 2.522690325978713677e+00 2.513301066815619045e+00
4.799380000000000000e+05 1.226089999999999947e+01 4.518959999999999866e+00 1.179659999999999940e+02 2.093979999999999961e+02 1.081370000000000005e+02 5.999228715139300228e+00 8.180249999999999488e+01 2.839448298163107509e-01 2.784882649278676570e-01 2.256815992300078832e+01 2.378200037027712810e+01 7.956778988656018625e-02 1.063692920081811821e-01 1.395320172254560731e+01 6.827242710746092236e+00
5.102730000000000000e+05 6.860599999999999810e+00 6.014700000000000379e+00 9.323579999999999757e+01 2.244360000000000070e+02 1.193370000000000033e+02 1.186589067998566982e+01 4.598689999999999856e+01 3.432569655474257408e-01 3.462840955300559576e-01 1.696201041530576248e+01 1.449501941514808578e+01 1.011974375160883122e-01 3.142842405209605450e-01 6.923884097411909799e+00 9.575413815345028112e+00
4.850560000000000000e+05 5.727170000000000094e+00 5.684940000000000104e+00 9.528409999999999513e+01 2.461430000000000007e+02 1.159500000000000028e+02 3.674332725228993457e+00 5.817580000000000240e+01 2.645159142441035893e-01 2.078111364309133680e-01 9.198844428345530844e+00 8.763218435589646305e+00 3.454876146778507184e-02 6.065780423726185866e-02 2.310267336070008337e+00 4.147772191529188746e+00
4.892060000000000000e+05 1.851480000000000015e+00 6.484119999999999884e+00 1.367319999999999993e+02 2.902269999999999754e+02 1.270589999999999975e+02 5.400767930557818453e+00 7.092260000000000275e+01 2.232832036413140708e-01 7.036810692387075739e-02 6.076918531939798918e+00 1.261538615837111355e+00 1.054628942956026133e-01 1.208987688448110859e-01 2.863391136286078442e+00 1.891149304105483209e+00
2.538620000000000000e+05 5.081120000000000303e+00 6.242759999999999643e+00 9.970950000000000557e+01 2.355480000000000018e+02 1.180409999999999968e+02 6.097734447303356120e+00 5.594599999999999795e+01 2.037347124041610780e-01 2.628909835138207307e-01 1.303445121551504293e+01 1.317151512610680086e+01 4.166090281382618665e-02 1.463459642505644531e-01 3.539272959531682528e+00 5.007909530695585865e+00
3.074870000000000000e+05 1.330940000000000012e+00 8.114200000000000301e+00 2.874070000000000036e+01 3.369610000000000127e+02 1.715809999999999889e+02 6.639767167700864725e+00 9.072200000000000486e+00 3.001334057892057205e-01 5.264118270180766501e-01 3.773611224187731494e+01 3.442227117251042756e+01 1.181964064142408399e-01 5.503453655397015920e-01 1.417376484276532622e+01 2.579067046543135078e+01
1.438870000000000000e+05 1.443689999999999918e+00 5.869279999999999831e+00 4.605089999999999861e+01 2.752450000000000045e+02 1.264669999999999987e+02 9.641559346283226972e+00 2.011929999999999907e+01 3.476236368922150377e-01 2.902127177093061228e-01 2.482273747848109835e+01 1.767787304704621221e+01 7.614427554181783797e-02 2.428893024124500477e-01 9.955097361726441108e+00 7.152061006849842251e+00
5.017250000000000000e+05 8.148680000000000589e+00 5.288240000000000052e+00 9.453789999999999338e+01 2.053319999999999936e+02 1.093110000000000070e+02 1.006733612866252336e+01 6.068379999999999797e+01 4.163810600711213561e-01 2.953219102727220324e-01 1.173153395106554342e+01 1.033933910378944354e+01 8.757641281283953805e-02 2.654091975305009621e-01 4.080093442213249766e+00 5.738882511488119675e+00
5.167600000000000000e+05 4.825550000000000117e-01 4.536260000000000403e+00 1.244749999999999943e+02 3.617730000000000246e+02 1.280879999999999939e+02 3.301384045026045300e+01 6.328300000000000125e+01 0.000000000000000000e+00 7.908231083591589131e-06 0.000000000000000000e+00 1.024453116095303941e-05 0.000000000000000000e+00 8.775081790407445663e-05 0.000000000000000000e+00 1.136747243366001360e-04
3.586090000000000000e+05 4.241360000000000241e+00 6.572370000000000267e+00 1.385420000000000016e+02 3.461190000000000282e+02 1.454540000000000077e+02 3.073787810892570249e+00 5.409320000000000306e+01 2.985067780207774635e-01 3.301469410138826444e-01 7.457128250859083707e+00 2.096507536244207870e+01 2.694004281139395496e-01 2.121841949554834628e-01 4.521113204934377627e+00 7.658646164321523564e+00
6.387400000000000000e+04 1.730999999999999900e-03 4.919889999999999652e+00 1.228790000000000049e+01 3.046909999999999741e+02 1.317079999999999984e+02 3.010742217139961596e+00 4.917699999999999960e+00 5.041633795661994849e-02 8.019688807959743371e-02 4.186588413815714560e+00 5.963722123474484604e+00 8.514085452804806900e-03 2.181908091416503645e-02 1.352744687990470540e+00 8.734004325837892990e-01
4.947090000000000000e+05 4.266090000000000160e+00 5.240990000000000038e+00 1.101359999999999957e+02 2.509579999999999984e+02 1.123319999999999936e+02 7.492259324935984566e+00 7.517279999999999518e+01 1.709580817049780044e-01 1.676633640300525252e-01 7.178394895973604584e+00 5.064159443965149165e+00 5.387411526787725530e-02 1.561912514332763069e-01 3.039402010475998228e+00 4.408527908783630878e+00
4.835940000000000000e+05 4.020529999999999937e+00 6.236500000000000377e+00 1.577129999999999939e+02 3.258600000000000136e+02 1.335459999999999923e+02 3.763395563148873357e+00 7.592640000000000100e+01 1.539419063556634881e-01 5.052781782674646838e-01 1.336159562517044108e+01 3.192451970707962516e+01 5.924517312952570780e-02 5.273250389137816851e-01 1.002006794942605694e+01 1.162161072406209783e+01
2.088120000000000000e+05 8.069340000000000401e+00 4.831059999999999910e+00 1.081140000000000043e+02 2.308650000000000091e+02 1.136760000000000019e+02 7.098131999782392398e+00 6.624649999999999750e+01 1.852323629027851082e-01 3.444312672242905160e-01 1.302908331277069642e+01 2.167727671246833410e+01 5.813760413684153361e-02 2.521048875943360801e-01 5.136883802529414567e+00 7.949074822728389833e+00
4.750160000000000000e+05 9.215749999999999886e+00 8.538669999999999760e+00 1.507570000000000050e+02 2.827590000000000146e+02 1.308189999999999884e+02 1.172076779065069196e+01 6.501770000000000493e+01 3.024358997655787196e-01 4.282111469117013125e-01 1.101746152370562548e+01 8.460973534510912941e+00 8.960247731200723931e-02 3.752833879929546868e-01 2.453834034792087504e+00 5.538084828069718135e+00
4.703450000000000000e+05 8.520009999999999195e+00 8.523030000000000328e+00 1.651610000000000014e+02 3.413799999999999955e+02 1.365560000000000116e+02 6.689937614201333815e+00 6.887980000000000302e+01 2.503880994769248081e-01 3.177077231373801602e-01 1.446141644594941589e+01 1.890547524587312012e+01 5.281767927434871668e-02 8.753517296499513378e-02 3.510443620312790003e+00 5.605318979426886727e+00
4.914260000000000000e+05 6.679829999999999934e+00 5.892529999999999824e+00 1.260390000000000015e+02 2.475020000000000095e+02 1.192000000000000028e+02 6.142758904369531869e+00 6.719790000000000418e+01 2.255499552670013064e-01 3.334233489117663929e-01 7.527625250758287478e+00 8.679472121997005019e+00 4.510310263582177626e-02 3.234880156527134010e-01 1.910106601610913390e+00 4.522587608513264357e+00
1.438880000000000000e+05 5.912269999999999470e-01 7.085309999999999775e+00 3.044699999999999918e+01 3.398509999999999991e+02 1.423750000000000000e+02 3.724134142918928969e+00 1.134769999999999968e+01 1.265948133199938264e+00 1.082329341893878638e+00 4.980158413766295666e+01 2.560467561637497269e+01 5.904578284936238264e-01 7.797636586660539049e-01 6.810492249257637631e+00 7.788655269937430070e+00
4.733290000000000000e+05 4.286710000000000242e+00 7.100489999999999746e+00 1.252279999999999944e+02 2.386510000000000105e+02 1.245859999999999985e+02 6.712684560686605906e+00 6.146990000000000265e+01 1.819950692187165542e-01 1.520872830973117040e-01 7.722394296616676534e+00 9.658414020119890253e+00 5.354357814863834608e-02 8.576837743250874391e-02 3.368756418409790676e+00 3.841174234278402988e+00
4.985220000000000000e+05 1.506159999999999943e+00 6.826959999999999695e+00 1.304019999999999868e+02 2.863290000000000077e+02 1.281020000000000039e+02 5.271105869940243771e+00 6.273919999999999675e+01 1.081675590525480180e-01 1.141702171697248774e-01 4.896271464831547959e+00 8.948416204112307426e+00 3.440343127025696085e-02 5.340562925270549155e-02 2.142901469053460239e+00 3.030206042942860556e+00
3.424470000000000000e+05 6.296199999999999797e+00 6.409150000000000347e+00 7.612340000000000373e+01 2.367210000000000036e+02 1.269449999999999932e+02 6.587359202299598593e+00 3.581199999999999761e+01 5.419246826489561020e-01 3.916725085799960260e-01 1.459836007450677009e+01 1.073376092044906649e+01 1.948740191340618821e-01 2.506156158397409017e-01 2.340621842496125371e+00 5.516870759989703998e+00
4.922440000000000000e+05 7.279630000000000045e+00 5.965799999999999770e+00 1.185810000000000031e+02 2.507620000000000005e+02 1.139939999999999998e+02 7.620929939338110692e+00 6.814019999999999300e+01 5.801715287259674447e-01 3.952827821860909752e-01 4.049110273160978579e+01 2.471823748417871514e+01 1.656062258484981009e-01 2.152502648960685772e-01 1.564948201935177252e+01 8.319618815235850562e+00
5.225300000000000000e+05 3.746529999999999916e+00 4.681759999999999700e+00 9.026690000000000680e+01 2.522760000000000105e+02 1.145000000000000000e+02 5.082654973386428132e+00 5.256069999999999709e+01 1.512600086590407400e-01 2.800303198695733298e-01 5.327224058469933965e+00 7.218806661466583563e+00 3.146203977220755205e-02 1.132443661507299693e-01 2.236881863588720876e+00 1.730465048460108957e+00
5.354100000000000000e+05 3.359719999999999818e+00 4.310579999999999856e+00 7.650730000000000075e+01 2.427549999999999955e+02 1.086239999999999952e+02 5.383816850853662572e+00 4.633429999999999893e+01 1.561359336951984034e-01 3.019771396082581161e-01 8.656871544509346705e+00 6.366500640097383368e+00 3.649234288916944347e-02 2.366478075750846066e-01 1.827905321860089138e+00 2.826303607183520583e+00
5.235480000000000000e+05 2.337219999999999853e+00 5.052520000000000344e+00 1.024030000000000058e+02 2.420380000000000109e+02 1.192960000000000065e+02 5.534979263481978329e+00 5.705469999999999686e+01 2.367334639194894341e-01 2.298413510972373563e-01 8.545938321887422973e+00 1.151940951368113986e+01 5.185050374731235701e-02 1.857764620655845966e-01 3.548466126272884935e+00 5.421857950958455241e+00
4.404070000000000000e+05 3.355570000000000164e+00 6.195050000000000168e+00 1.353489999999999895e+02 3.256320000000000050e+02 1.212819999999999965e+02 4.879112275076168181e+00 7.879189999999999827e+01 1.636399804538006264e-01 3.078183230783095303e-01 1.160069484433039655e+01 1.575740508543449359e+01 6.265328959173886714e-02 1.401078704750267079e-01 3.618643522528359302e+00 3.713685793440749006e+00
5.156950000000000000e+05 3.483099999999999863e+00 6.995359999999999800e+00 9.725130000000000052e+01 2.664300000000000068e+02 1.156889999999999930e+02 9.288680036090422476e+00 5.363179999999999836e+01 2.489399222795286304e-01 3.010782856551065256e-01 9.831207055384387772e+00 7.885010004540418116e+00 7.677445283343939386e-02 2.578605800851193064e-01 2.929238267776846705e+00 4.167763600491458220e+00
5.178990000000000000e+05 8.582099999999999451e-02 7.344100000000000072e+00 1.073160000000000025e+02 3.453210000000000264e+02 1.388820000000000050e+02 5.507757421999626146e+00 4.339289999999999736e+01 1.728338651603301968e-01 2.984252853331148189e-02 5.648953873937753833e+00 3.786029521894716532e-01 7.866340050382310267e-02 6.385305594604370749e-02 2.211183984046702022e+00 7.153284797927278449e-01
